# Eigenvalues (descending) for covariance, TAPS=128, PRED_AHEAD=8
# 
2.169199491079422670e-01
1.838193997309864325e-01
1.353534694768858127e-01
1.102614354488346271e-01
1.073011250869490424e-01
1.070219130089212489e-01
6.590674300670133767e-02
6.473995270308049998e-02
5.917150000930507941e-02
4.755580401204825142e-02
3.218455116340766808e-02
2.699118493695747134e-02
2.653555591290372023e-02
2.455019679084259956e-02
2.448577188292114931e-02
2.378160878676985335e-02
1.997234231585620981e-02
1.893807174795781451e-02
1.879204590259566862e-02
1.419500199319738420e-02
1.285931165831317481e-02
1.250597610586232783e-02
1.182766995020973454e-02
1.132151610474082214e-02
1.131889097693549416e-02
1.126172535430659816e-02
1.066951980919612561e-02
1.024527272734736261e-02
9.253930654378487650e-03
9.215033821703223771e-03
8.726395253294593271e-03
8.691624284283286372e-03
8.124048088644694049e-03
7.698310523449589104e-03
7.521112167716644328e-03
6.141256013375474658e-03
6.011322617210124522e-03
5.877749286526326791e-03
5.681763092115240180e-03
5.416417727550782400e-03
5.415797162466766575e-03
5.040657277714342445e-03
4.788975461747752016e-03
4.338642402228384473e-03
4.192310496586739918e-03
3.684408099018341830e-03
3.681107305176045327e-03
3.616940161523980735e-03
3.277613636610010334e-03
3.101654224684295604e-03
2.886134980809009366e-03
2.847407676400882937e-03
2.568030358529142364e-03
2.545919914085040085e-03
2.407653384526060782e-03
1.996184696643058150e-03
1.817788489397801667e-03
1.726922716789277331e-03
1.638545117663833903e-03
1.614494060863251677e-03
1.524949869231057411e-03
1.412623221866787099e-03
1.377982312444664794e-03
1.341225144151186139e-03
1.290675986138936160e-03
1.290567272320200520e-03
1.237394915553291985e-03
1.237054238264908906e-03
1.232511020798460763e-03
1.179808741210936884e-03
1.158783768800960646e-03
1.158362523775325432e-03
1.149551521694107143e-03
1.130067104540349691e-03
1.100324296247586755e-03
8.974181770996115387e-04
8.732618651564752824e-04
8.485444188406262569e-04
8.455272762154030864e-04
8.388035396730594406e-04
8.350979722194487500e-04
8.336573397112297589e-04
7.552927179450929888e-04
7.537583587812014601e-04
7.393434395118524214e-04
7.363695916017814081e-04
6.488517350892045524e-04
6.410271248746592923e-04
6.197069214545064802e-04
5.702868269523229516e-04
5.684584405223939377e-04
5.469864155589681609e-04
5.417431670876626283e-04
5.393348884405787386e-04
5.372150449194796609e-04
5.192033187771954864e-04
5.110407620291333025e-04
4.784223179056999687e-04
4.783830262612028786e-04
4.708511789203963433e-04
4.624646801916016065e-04
4.583662930798148476e-04
4.525279267404802943e-04
4.509216240261009899e-04
4.363094501386734192e-04
4.359579950030664309e-04
4.218085359788458573e-04
4.200671877508120101e-04
4.164212978548470587e-04
4.152361561885570761e-04
4.142686000540476000e-04
4.040087702372317682e-04
4.005372403937124950e-04
3.993704682189082723e-04
3.929111732146634982e-04
3.914106356478029699e-04
3.862781914384033144e-04
3.817820280970209102e-04
3.814460289698576746e-04
3.807871773911490772e-04
3.787453778482294774e-04
3.784672063393857973e-04
3.652264253967508274e-04
3.647990992096090761e-04
3.570839347521171910e-04
3.565599104012151890e-04
3.196361713372723734e-04
3.193180939655587171e-04
